390 390 500000
391 391 500000
392 392 500000
393 393 500000
394 394 500000
395 395 500000
396 396 500000
397 397 500000
398 398 500000
399 399 500000
400 400 500000
401 401 500000
402 402 500000
403 403 500000
404 404 500000
405 405 500000
406 406 500000
407 407 500000
408 408 500000
409 409 500000
410 410 500000
411 411 500000
412 412 500000
413 413 500000
414 414 500000
415 415 500000
416 416 500000
417 417 500000
418 418 500000
419 419 500000
420 420 500000
421 421 500000
422 422 500000
423 423 500000
424 424 500000
425 425 500000
426 426 500000
427 427 500000
428 428 500000
429 429 500000
430 430 500000
431 431 500000
432 432 500000
433 433 500000
434 434 500000
435 435 500000
436 436 500000
437 437 500000
438 438 500000
439 439 500000
440 440 500000
441 441 500000
442 442 500000
443 443 500000
444 444 500000
445 445 500000
446 446 500000
447 447 500000
448 448 500000
449 449 500000
450 450 474791
451 451 385493
452 452 451490
453 453 398543
454 454 448340
455 455 447857
456 456 439030
457 457 425826
458 458 407069
459 459 395187
460 460 407075
461 461 402929
462 462 386239
463 463 354966
464 464 350663
465 465 368621
466 466 372041
467 467 352724
468 468 289412
469 469 289679
470 470 313534
471 471 334886
472 472 356293
473 473 359365
474 474 283714
475 475 355796
476 476 385950
477 477 399396
478 478 409192
479 479 412599
480 480 406148
481 481 386047
482 482 358978
483 483 374644
484 484 375313
485 485 398827
486 486 420350
487 487 437100
488 488 450591
489 489 459518
490 490 464374
491 491 473852
492 492 460697
493 493 415985
494 494 443750
495 495 476408
496 496 499717
497 497 500000
498 498 500000
499 499 500000
500 500 500000
501 501 500000
502 502 500000
503 503 487908
504 504 473412
505 505 465393
506 506 456546
507 507 449161
508 508 443628
509 509 432757
510 510 423681
511 511 413705
512 512 405545
513 513 396805
514 514 387958
515 515 382020
516 516 374867
517 517 370114
518 518 365231
519 519 356069
520 520 350576
521 521 347011
522 522 340653
523 523 336469
524 524 331551
525 525 330238
526 526 327923
527 527 322911
528 528 322039
529 529 321618
530 530 319684
531 531 321829
532 532 322731
533 533 321758
534 534 320634
535 535 325467
536 536 327974
537 537 323552
538 538 324776
539 539 326174
540 540 327237
541 541 327273
542 542 328556
543 543 329184
544 544 329973
545 545 332703
546 546 331258
547 547 331915
548 548 334855
549 549 334223
550 550 339307
551 551 340905
552 552 343822
553 553 346630
554 554 348659
555 555 352765
556 556 354988
557 557 359925
558 558 365191
559 559 370255
560 560 377289
561 561 380963
562 562 390271
563 563 395616
564 564 402420
565 565 409905
566 566 416920
567 567 425471
568 568 434433
569 569 441517
570 570 449592
571 571 456618
572 572 466587
573 573 476335
574 574 482566
575 575 493178
576 576 498741
577 577 500000
578 578 500000
579 579 500000
580 580 500000
581 581 500000
582 582 500000
583 583 500000
584 584 457803
585 585 428207
586 586 404655
587 587 386407
588 588 369468
589 589 359177
590 590 348972
591 591 346843
592 592 340147
593 593 341980
594 594 341731
595 595 341447
596 596 341150
597 597 341757
598 598 343787
599 599 348658
600 600 347584
601 601 135378
602 602 134093
603 603 131384
604 604 130059
605 605 130043
606 606 129976
607 607 129949
608 608 132441
609 609 135433
610 610 134895
611 611 136079
612 612 136055
613 613 137643
614 614 136282
615 615 133876
616 616 134055
617 617 134024
618 618 134009
619 619 133627
620 620 133297
621 621 134919
622 622 135824
623 623 138436
624 624 138363
625 625 140180
626 626 142622
627 627 142674
628 628 143476
629 629 144640
630 630 146335
631 631 147110
632 632 147298
633 633 151561
634 634 153510
635 635 156658
636 636 158820
637 637 160614
638 638 162380
639 639 163498
640 640 164740
641 641 165247
642 642 164441
643 643 164820
644 644 165053
645 645 163741
646 646 162783
647 647 160771
648 648 161164
649 649 158842
650 650 158906
651 651 159418
652 652 163263
653 653 167729
654 654 168951
655 655 169585
656 656 170402
657 657 170993
658 658 172228
659 659 171771
660 660 174047
661 661 173824
662 662 173199
663 663 174705
664 664 174634
665 665 175849
666 666 176245
667 667 175366
668 668 173955
669 669 175117
670 670 175240
671 671 174769
672 672 175067
673 673 175599
674 674 174663
675 675 174980
676 676 177412
677 677 177431
678 678 179871
679 679 181932
680 680 184081
681 681 183674
682 682 183580
683 683 177152
684 684 166357
685 685 168834
686 686 173677
687 687 175091
688 688 175051
689 689 171872
690 690 172011
691 691 172345
692 692 174211
693 693 179554
694 694 183545
695 695 188393
696 696 191645
697 697 195845
698 698 197828
699 699 200634
700 700 201212
701 701 204002
702 702 206468
703 703 205547
704 704 207374
705 705 207632
706 706 207652
707 707 206158
708 708 204488
709 709 198732
710 710 192433
711 711 186739
712 712 181526
713 713 175810
714 714 173143
715 715 176609
716 716 181495
717 717 185793
718 718 188713
719 719 195241
720 720 199399
721 721 203864
722 722 210788
723 723 213177
724 724 217322
725 725 218015
726 726 217839
727 727 213384
728 728 208471
729 729 201701
730 730 199306
731 731 197701
732 732 190875
733 733 181393
734 734 178366
735 735 181814
736 736 195085
737 737 207830
738 738 212208
739 739 214139
740 740 213264
741 741 208133
742 742 205559
743 743 207766
744 744 210627
745 745 215752
746 746 221397
747 747 226377
748 748 229892
749 749 228653
750 750 225331
751 751 221448
752 752 225634
753 753 230143
754 754 229390
755 755 233326
756 756 240104
757 757 242936
758 758 247489
759 759 248102
760 760 244279
761 761 240844
762 762 232281
763 763 231412
764 764 212446
765 765 143674
766 766 113941
767 767 155938
768 768 202777
769 769 238638
770 770 261111
771 771 275155
772 772 285352
773 773 293357
774 774 298765
775 775 307570
776 776 321658
777 777 330233
778 778 336296
779 779 344224
780 780 349765
781 781 352091
782 782 350118
783 783 351726
784 784 353355
785 785 356679
786 786 363219
787 787 364915
788 788 360764
789 789 339242
790 790 289192
791 791 272519
792 792 290260
793 793 317490
794 794 337282
795 795 348662
796 796 345814
797 797 336391
798 798 311986
799 799 295819
800 800 300656
801 801 309382
802 802 322151
803 803 333937
804 804 344365
805 805 352672
806 806 359397
807 807 362895
808 808 357536
809 809 351171
810 810 347834
811 811 346423
812 812 348710
813 813 346361
814 814 344819
815 815 343766
816 816 340152
817 817 324886
818 818 302693
819 819 276928
820 820 244185
821 821 199448
822 822 144185
823 823 92059
824 824 45415
825 825 37878
826 826 56004
827 827 79717
828 828 76097
829 829 55316
830 830 81835
831 831 132603
832 832 178889
833 833 200769
834 834 179661
835 835 110963
836 836 87318
837 837 134358
838 838 200705
839 839 258383
840 840 305679
841 841 272378
842 842 156472
843 843 225212
844 844 336129
845 845 409747
846 846 468125
847 847 500000
848 848 500000
849 849 500000
850 850 500000
851 851 500000
852 852 500000
853 853 500000
854 854 500000
855 855 500000
856 856 500000
857 857 500000
858 858 500000
859 859 500000
860 860 500000
861 861 500000
862 862 500000
863 863 500000
864 864 500000
865 865 500000
866 866 500000
867 867 485122
868 868 467153
869 869 452261
870 870 442013
871 871 423724
872 872 403947
873 873 381922
874 874 364381
875 875 343288
876 876 326348
877 877 303633
878 878 281481
879 879 251974
880 880 204719
881 881 147366
882 882 85920
883 883 63602
884 884 58529
885 885 68612
886 886 93006
887 887 125839
888 888 157011
889 889 189128
890 890 214822
891 891 233095
892 892 238994
893 893 238907
894 894 229593
895 895 186867
896 896 120318
897 897 88914
898 898 120799
899 899 170630
900 900 211442
901 901 245657
902 902 277250
903 903 292929
904 904 270944
905 905 163634
906 906 84059
907 907 112748
908 908 192231
909 909 280853
910 910 354816
911 911 393841
912 912 403146
913 913 384383
914 914 340752
915 915 272577
916 916 181772
917 917 104110
918 918 84579
919 919 116224
920 920 167345
921 921 220254
922 922 261169
923 923 299515
924 924 343561
925 925 396787
926 926 447913
927 927 493717
928 928 500000
929 929 500000
930 930 500000
931 931 500000
932 932 500000
933 933 500000
934 934 500000
935 935 500000
936 936 500000
937 937 481890
938 938 403964
939 939 318687
940 940 282612
941 941 294612
942 942 318556
943 943 345420
944 944 374452
945 945 386204
946 946 376592
947 947 370352
948 948 377333
949 949 383436
950 950 377759
951 951 357739
952 952 336586
953 953 340735
954 954 379731
955 955 442121
956 956 500000
957 957 500000
958 958 500000
959 959 500000
960 960 500000
961 961 500000
962 962 500000
963 963 500000
964 964 500000
965 965 500000
966 966 500000
967 967 500000
968 968 500000
969 969 500000
970 970 500000
971 971 500000
972 972 500000
973 973 500000
974 974 500000
975 975 500000
976 976 500000
977 977 500000
978 978 500000
979 979 500000
980 980 324290
981 981 221072
982 982 243082
983 983 377344
984 984 500000
985 985 500000
986 986 500000
987 987 500000
988 988 500000
989 989 500000
990 990 500000
991 991 500000
992 992 500000
993 993 355500
994 994 265384
995 995 310538
996 996 468243
997 997 500000
998 998 500000
999 999 500000
1000 1000 500000
